300
1 62
68 95
42 56
0 80
42 84
0 89
7 13
57 77
65 92
86 98
4 24
39 79
0 89
0 33
44 77
6 76
29 98
57 91
6 17
7 38
27 35
48 84
65 78
42 51
64 98
0 74
50 58
30 69
52 74
22 26
46 88
14 94
60 97
20 99
80 82
14 64
5 49
1 31
7 78
29 50
8 41
28 87
3 80
37 79
32 32
5 76
5 52
71 82
38 93
17 65
10 36
35 53
27 33
43 95
32 58
34 56
4 77
27 30
0 23
38 57
17 29
32 76
36 37
1 37
80 86
41 60
49 51
54 76
47 51
43 61
28 65
12 92
68 72
8 25
20 93
7 51
5 95
22 28
46 82
6 29
44 65
14 98
8 97
53 98
20 75
45 97
74 78
63 84
24 29
45 86
4 12
59 62
58 88
27 94
7 16
20 32
47 65
81 82
2 94
31 44
23 33
60 67
83 92
0 78
27 33
3 22
6 78
22 64
8 95
61 85
43 74
47 50
76 94
23 85
25 72
6 47
38 45
43 57
30 46
7 57
56 94
76 79
59 88
6 32
64 89
22 34
48 95
14 52
19 77
55 76
14 93
46 55
53 76
78 86
22 52
14 52
44 67
36 68
24 80
58 79
15 92
26 65
4 82
33 67
6 16
7 34
9 92
29 49
7 27
11 77
32 95
32 58
33 70
24 91
20 99
42 76
2 96
26 79
28 47
47 96
30 78
38 52
58 88
46 99
64 84
57 91
43 96
19 99
29 32
96 98
25 59
43 76
79 91
65 74
55 89
32 51
19 73
1 32
3 85
49 78
3 34
14 16
23 98
71 84
63 73
36 48
15 82
6 67
47 94
65 89
4 45
2 71
30 30
16 68
35 80
15 55
17 69
67 88
24 36
22 34
57 82
31 55
10 28
52 54
0 65
25 59
32 78
0 69
79 99
27 29
0 64
7 17
33 91
14 56
44 48
53 55
57 68
57 64
5 99
35 99
64 97
47 67
7 24
18 97
3 82
25 49
60 92
8 82
12 81
6 42
4 6
32 62
26 31
4 30
57 60
46 95
11 16
91 98
10 77
7 99
31 37
1 32
69 93
35 88
55 97
45 85
71 83
33 43
26 37
28 58
28 65
17 99
29 32
48 81
24 76
21 29
38 61
12 78
6 91
49 89
27 41
47 77
82 99
68 95
70 83
45 79
44 88
17 25
24 67
48 75
2 78
61 64
19 21
9 36
24 71
70 94
67 75
25 90
36 44
66 99
1 41
52 91
13 31
56 82
31 45
0 96
0 8
3 62
46 82
36 82
79 99
11 42
85 86
7 79
15 27
17 59
3 56
8 82
32 43
47 87
