100
8804268 989290942
8276593 954518085
5361132 973590660
7543526 978312973
6264891 920124490
7120943 936837876
7849182 994384273
5699772 997629993
3718444 959304100
2594933 978613926
7622471 904492844
4170817 932248718
3575716 905144019
4885382 920861341
2108850 988421746
523165 970343247
2257610 937834559
9348692 968327091
8944968 927443218
2989262 948073729
8923539 984577955
5835035 974552833
9029834 910718118
2088691 917429596
726668 928645839
8218768 941076684
8972772 991441575
3790757 956810278
8984272 914912851
4641406 991133515
5653996 912421931
894005 970796276
5907008 996058941
5891598 952572000
7486499 997374119
5889136 952647910
9193418 948591575
2804481 985338204
344432 917998252
1630684 957057132
2966052 941032045
6567025 955914174
7034282 972684716
1499002 992335878
6914575 908908804
1823766 991226099
4896973 958106037
2271364 995071486
7769750 906789922
8931325 990449472
1742669 917327663
6301902 966029872
6280400 931511273
7631 949824410
8868544 950527594
1693823 934557678
3151497 984020147
5326825 907947752
3914070 936374018
2384481 941134609
4285575 999691243
6076381 906188970
3541441 972798605
7124149 959317969
8909910 991000851
2182106 943714457
7528340 949356763
8288029 983716471
3078898 936240272
7075555 923075476
9254358 955680808
6611590 908125683
2833025 945773507
4685001 984761481
4696344 969092714
6985461 963873826
814160 950996139
1875732 920287028
5877300 967549207
8204617 948257165
7840662 984536739
4000586 937331935
4781072 938863587
6638588 909513519
3221557 933618471
5373610 974552867
3114970 982906750
8636897 981707567
275962 999683214
4741610 997062052
9856586 992802392
2978916 997132704
538714 954126544
4747774 904625880
1201380 922133598
1322319 909028679
151861 995993919
8304722 949221055
4271925 970517181
4965889 925042004
100
2 743790513
13 112646999
12 685877860
15 490075868
6 453754286
6 844051978
5 228082202
5 605333240
8 377645516
19 195147056
18 492982275
10 456941575
9 488600253
18 831704078
9 643192442
9 908735905
9 962408472
20 957496988
5 79259357
8 862345006
1 21298836
18 465520069
14 96239566
16 171412009
7 166747721
14 54462668
15 83739774
11 181602549
4 946699721
18 753150884
9 897548848
17 400971317
8 261971314
20 681395796
7 647577805
2 744048583
16 77088722
11 391317416
7 959131536
10 980165555
4 858448618
2 597302222
6 899527127
9 205806270
20 392399656
3 796993084
3 252653156
14 728033575
4 494254226
17 786283105
20 532120996
12 996475207
7 317620864
13 545868746
20 659754412
2 608182831
18 563573909
5 554163807
16 409360763
17 978117355
9 667577853
7 457805729
6 705971260
13 518627780
14 930572463
11 399122922
5 127552643
20 129700215
6 412526764
12 216483761
6 179322765
8 755284097
1 432460608
4 445065413
8 909191298
9 882676308
10 248392647
3 172844205
8 918246960
12 742594812
2 532280979
2 461912990
19 909566365
1 256112774
16 880491270
20 883510078
5 35071470
17 885029143
20 750506850
20 629228667
5 46508797
4 806717790
10 982843307
8 769758931
5 127517833
9 476922299
12 404989416
13 462188696
17 515655281
12 254143616
