500
8041420 987476662
3372259 988232551
6959128 900251737
2146096 900435936
5830958 960644527
6569406 911093983
6289096 900720663
1643209 952940481
6088547 965147255
731009 969661528
3982510 975996207
1807824 983029713
3540126 935297905
6949563 918606329
9591198 953637878
6986210 961174498
1526628 972240917
8988321 911754477
2863583 995889975
7867865 961405738
922572 940307376
1484873 952399141
1043304 958839796
7462549 955461893
1388480 927776296
3601385 991066393
566948 910085923
7544503 915478967
7342138 953175735
6966044 985308039
5089326 973587826
6329057 982579752
3298823 978917036
5887644 933730867
8560149 948026371
3860983 900016806
9761159 904489006
7314184 978253734
3284889 944120625
62432 980702119
2027754 945732601
332192 927516912
941547 990286155
7428676 992924549
5299699 906894623
5295363 997447015
4919024 999585876
1624399 989942849
9641273 968975048
2237047 933348454
9828351 960099274
7840748 904537921
6029793 981106163
7257377 926908432
773662 907381852
5357195 980929298
9451620 985680436
7741640 976199690
4680008 969253043
351964 952368679
9086927 976664180
1418902 970052421
1699497 952219179
4384657 988839064
9794557 919878581
7827286 931709874
8318175 996031895
6632095 986165733
2051935 924683468
4464951 968553740
1735099 954276865
5814141 945257906
6414644 941667366
4331526 959983251
256510 968407656
8748770 926381449
361936 994058116
8400503 921085900
1385884 997733760
8617994 936647323
8456409 970775231
941405 961561411
1457787 946351222
4465010 937229184
641540 907390853
6092653 966473033
9237300 916340395
5682583 918103539
5355356 956642587
5900671 987904559
1985035 911257797
3869161 989806853
3630695 978935860
93143 953379571
1789215 924001761
7839819 944049713
14286 986727376
3125821 957108586
2728204 976462774
550404 954491690
7846550 938478871
4259087 923015474
4333850 907714624
9647423 921402015
8645922 994248235
2665824 939748859
9094170 957924662
9886147 948735532
8670079 902407112
6038777 904014400
1627943 981129932
1478574 940522524
6868263 920784653
4306463 977843467
2990564 926832246
6714297 963719977
5711673 934230323
9438416 997149108
5755330 908572071
7978744 938197049
3182659 976112466
8172292 906449313
1056441 964110220
578201 915718945
9225082 914290722
5277037 959811590
4661643 965880286
4554267 902931842
623946 900260167
7276763 960157946
8635926 972040012
4596364 900050151
4427711 919348787
6346994 961834048
8869705 902400692
9244434 954424578
5963821 951404663
5170466 928166181
1707804 928510466
7088543 904605172
7244260 931924472
6663038 932500672
6337772 949562566
2630778 937185015
3493721 943177378
6790284 951485083
6225747 979631863
4819833 916154647
6296674 958249510
6146821 951203447
8560370 994338481
7238597 909560058
3552117 955801021
6839314 901705996
9810855 967798776
8822375 997548947
2894877 956313584
1139386 926475433
7008908 906137853
1512315 947243195
1927907 920404148
4332406 994560603
1770060 991730911
3527388 917286822
5008971 998256184
672272 983323208
8961044 917953947
7274895 938226516
7821575 962073612
8615161 969694727
3325769 950788271
9553984 997423203
4812928 904702348
2614380 914622126
1164330 934004037
2959624 978745040
1116187 980929184
6332461 942714769
513937 972832502
5527208 903097270
8762869 934832769
4175947 959830016
8228913 919107722
3183565 971758091
3574952 946909814
527838 910415627
4320343 925080757
1307852 952853608
9336454 959171473
3617611 963295040
381994 941587930
4746852 923107265
3770970 917182581
2370557 982585194
4436972 980467658
7099265 912436264
2346796 973368594
7496875 969017938
9643320 947635844
5634932 970686349
44667 967638630
8234007 941489537
697028 913552117
1672126 952946815
767362 947343932
4951371 954971386
5708574 940106936
4624708 938352618
7671797 958482415
7515867 928861839
8811946 951722855
7580199 925029565
441562 967646041
9871269 999984449
2506234 915961287
162380 935488813
4819432 945804009
960508 925366491
2083604 989353015
9976318 901330999
3598903 918424953
3338908 916067292
1010778 958986151
6991807 924133065
9024699 924704887
8457011 975536534
4242597 923146354
7283462 956297679
743497 953189928
5260406 916058417
7258403 923164283
4700627 963457328
4980750 960491029
1468835 966074958
1010862 924882547
8434300 919837528
5253686 932159553
2987740 984497235
6765453 942350016
4476432 915107299
6383688 930205063
9363930 987534696
4303330 905812170
9755391 905841128
3638002 977446295
9575580 973247516
984138 934804801
1290974 956812525
2381460 982410752
658753 914259579
9994377 971937130
9725260 942114175
9318429 914013571
7409972 922301006
9025392 915833393
6227102 998504766
8166236 990968853
1502722 985271406
8493102 997099455
4858539 926093805
7751666 938332483
2136922 954207036
7053928 975018229
3588936 995211245
6707090 980184241
1418915 939083025
570656 980490152
2491921 920583614
9346545 992746477
5000195 901727477
9048043 997744656
7921335 918447593
5807628 954943043
5270642 937840465
2566192 990065059
6030588 957831554
935043 992219910
1292498 914266635
8879290 935420223
2159339 956593649
7819648 956362917
8572548 994988017
684207 966513030
2893617 922823316
449519 974965549
3813462 979587238
7339381 916647495
4949550 964301327
9982317 928432809
3694984 909457924
7808243 964862070
3230098 934127519
2707642 928627367
201294 932467160
7652047 925717998
5213601 943407575
2592504 934210814
5580298 915425450
488246 959064880
2442480 981358942
1139050 911483530
9794452 957329011
3868436 960938531
3077669 988681650
5339190 974704876
3591282 956382820
3328855 920714706
6788154 971175144
5891619 978951243
2482975 979496102
1718320 913033778
304825 922211178
7882203 907085589
2452551 970540565
7765073 973898202
7998849 931232440
3803050 945955263
2197513 999612677
3730351 965098441
5238616 929429444
1455230 940688845
9370498 912729535
4242396 970089226
4638169 938469662
2852323 929281527
8997504 931270210
3968011 924748361
9395849 978858163
9896554 928091137
3197248 963934109
8580114 975380247
9009553 950618927
8171527 965677831
5832214 914207958
900059 903462719
2556865 906225501
4696808 948796015
5599138 984666860
7894570 909577398
9095382 999476965
5931190 916074671
9665549 981933984
8004699 918243425
6260662 919238414
2861908 917296908
1109577 984315184
8994982 916872149
714544 985527675
717596 937398871
856019 921771030
3828573 914060305
8874687 930825713
7966119 918868656
4002546 919010507
193450 926039108
7374021 981885198
1420035 937384774
8631286 975663753
9274707 939527308
2111185 957983762
7320956 913229332
2010363 964216323
3346936 955578803
666715 932835480
4171477 953246628
6827430 900685357
2753873 900372979
9815173 935315548
2384014 941137870
6835172 982045177
3008242 957196210
2600665 985271285
7115165 957456504
8823983 996042518
2637192 977016645
4464911 990085786
4540983 929013078
4568906 984749490
5384602 998744495
9863365 953727968
8529670 934565290
3730946 951908152
4729290 933911649
8467783 966423673
4676337 979984899
2575341 929418001
4680340 978245371
1928518 953314294
6846681 994336512
8245420 934162021
3992460 971184392
1819811 959499396
9695192 987819789
9559978 953639386
5584161 993530308
4103587 950478001
2410753 991388708
5008604 961463378
1917534 914939608
9535289 921047846
8349861 925807500
4417536 928521136
703013 963052059
8912577 941831533
3387914 912678044
786144 920026514
7742708 958247761
1771072 945643947
3210035 920792951
4128398 947795990
673826 983897838
392615 904850277
4708509 974569423
6462631 971428760
6206880 982665171
6179343 935426622
9839229 975600549
101010 947786097
4202553 915772174
1087740 946861494
5865988 961726214
686144 927269304
8486228 908626333
9024412 951581163
1372701 921587150
4457067 933411587
2281647 921180458
2707463 974910809
264235 926152039
5869656 960011813
5455011 945915342
6215294 993822621
3301325 903083913
7012759 998886384
7511780 971806673
8681005 981633580
3291420 917127674
1799999 934989300
1210176 956232295
1753450 952513567
5169513 919008847
514868 919382588
1226461 959633010
8545525 968623338
652929 949216424
6786659 906646038
7160828 962737990
6038328 953433374
3093226 982708085
6306690 993335498
1159482 977059935
1042951 945970221
72485 962888246
5669970 947802209
880331 917498155
370015 950992421
8384492 933624373
6691678 970968414
735935 995603652
4769063 908236146
9315699 986030669
5454011 913659782
6214847 915321525
8735347 993846431
7348520 955723429
4748104 999476891
8854095 986204084
4278718 939543060
2615924 997285748
1952621 993142555
333195 901236581
4638509 914766296
3928825 910018493
4447837 971873284
7889515 916847643
1847120 918939470
6773331 968190227
6922966 938128786
7626625 991392153
7542626 905042170
6524634 972447317
5378141 956320254
9752503 916926924
4081926 935175997
8043228 906283633
5006211 971747647
5179539 955721361
3203209 999019027
9365092 995601955
5948837 906303435
6570228 937914228
7327909 960829658
7408120 907452341
6731173 912686933
5781716 976026733
6005561 945235213
5826516 906791104
6165172 997835151
6984709 970669475
4735379 943485955
500
42 539100185
23 532042999
57 66492329
93 495760515
18 319649066
83 443543278
100 2675929
10 31751988
80 959482528
69 301322830
4 918386094
42 687503211
18 794894403
62 715849168
91 750798363
17 72010313
30 737553870
62 900355152
98 719597164
100 206926473
59 126055383
61 544562409
64 670576782
35 429121152
3 809710991
84 665029163
29 486622778
70 226993223
48 547080275
68 839511937
30 826588198
97 347521737
98 88338117
46 510965349
85 481274477
6 495163938
88 915124487
96 548850341
49 531190594
15 245473888
65 522748929
51 951736377
30 531035838
45 614353039
100 570009476
31 357906526
27 780350842
95 464123025
100 282474989
70 11940263
5 310407792
34 456650470
19 514253966
52 469743332
6 517472184
16 771296143
69 966392619
66 774163079
18 92858047
91 977126668
52 345763949
90 379521961
51 967784111
29 140476954
38 301271373
42 571212678
69 555769723
74 666395976
92 495581033
96 118942667
22 394327285
1 478689678
23 381047168
64 146534983
38 5313758
48 409483811
75 424229223
95 862293292
5 156127018
44 256792772
12 608328258
41 573567822
85 95861312
36 147793900
3 516165319
4 899907682
90 557017399
45 334904601
23 39481328
24 379790988
46 625304120
77 34143798
91 676438447
42 861088697
21 654293020
22 459855339
57 723585467
90 514942693
44 418863043
28 385624735
34 664916881
27 687991591
78 892099186
63 820765822
68 755522578
80 209248271
76 668228988
94 653190109
56 37524654
76 856260705
13 426816592
51 603014783
45 694333429
12 588571024
41 22478801
32 902890489
36 140651957
25 822924463
17 901079764
90 551316504
17 476946976
58 389822440
48 196485728
56 748473590
65 17487012
74 217904121
96 208176079
58 215323646
76 868077467
23 20297347
62 367147770
33 741005399
79 757383376
66 601925278
5 793820610
92 805709297
62 196227878
98 889894306
22 414637338
51 731895312
12 960498109
41 786260465
55 365654885
2 290171406
29 43176699
85 695965852
80 367900594
71 129924313
88 104296224
44 291993572
54 545327781
98 328506
40 162482549
38 390411977
29 25983299
54 343730
4 520191883
98 94721184
25 547215228
42 290678464
18 174778292
52 925285378
39 907106868
79 37356344
37 431870703
79 904318536
71 976754162
26 429822538
7 523732768
55 136113982
9 264348567
51 477447481
7 800918321
88 980576954
38 997196838
45 868859931
89 654828751
78 603185699
28 738610053
63 418104760
16 366171816
45 670438577
98 332599484
57 497109450
53 22557869
62 116034481
70 89901619
89 143673149
71 677106768
76 250409662
64 758723575
1 847088239
70 935301831
21 392368136
49 141333492
66 805308784
22 407960903
45 840934466
35 49486776
43 338437046
53 347795132
61 76412073
98 348436671
47 821385499
71 490845385
33 618714676
51 436534105
38 95195589
87 307885047
49 3272822
12 994298998
33 180817042
51 669028808
36 506155372
97 196390525
21 317040492
59 760651994
64 173907641
68 559136914
15 368451717
33 843927588
34 256594672
3 949806544
13 136348569
60 300859447
30 229571272
13 816905114
37 16303812
46 403765948
46 929803245
12 563732273
77 856432443
40 329094332
4 30976305
80 315362678
59 762946379
27 291088930
54 354332071
67 344827807
76 233444545
60 628269942
42 365677399
7 866161555
59 125269468
1 250747622
19 112260584
2 775195645
50 351058882
78 397053562
77 1307881
67 65923429
93 224817219
21 577516636
16 241923357
52 959883539
88 335929746
79 767985058
44 102399957
55 851129480
40 594265835
99 352563239
29 386706740
89 949242392
52 735903317
97 649175183
35 703413866
32 161879517
76 682455127
41 704880144
59 560947516
49 402703029
77 639431431
29 842671806
5 342635043
79 149163134
39 507099213
45 794531792
20 94612104
37 640151640
46 360136743
95 761784408
79 437106696
34 876522870
19 763990293
72 450490647
52 720518668
44 996746544
58 411053223
27 216498571
1 996811344
94 450765220
93 918014092
92 442333220
4 96793605
55 815350775
10 503788082
18 578644748
91 996980133
26 514692265
83 842903281
17 544658280
47 824553013
100 538175186
66 264743754
93 25304214
19 952906885
59 431932261
53 264323113
90 238947110
48 80171504
97 146186855
100 626822783
22 116420189
86 494883433
68 318971361
11 543069801
40 982573109
100 344852072
57 255545497
68 270134368
28 343814910
60 876033457
94 225446350
50 317570056
38 705299783
28 100098795
86 260792092
30 683286286
33 292652216
24 114043173
70 653005609
50 771881939
34 698053800
40 270371146
17 774123719
88 302380163
13 80254262
2 190551579
48 584927025
4 940024521
62 622653834
94 592214904
54 713268046
68 685798149
32 561510167
7 160860055
17 65478894
58 363259285
51 234504922
25 328597576
71 371819637
47 718125612
10 132253880
57 294800074
93 76684100
31 117149547
37 756084237
98 655739509
3 309516317
82 568480325
28 825053374
79 908136315
67 779092991
85 593953490
92 249068139
7 964888023
25 102821627
13 45185462
82 778529290
92 191999598
99 450330061
61 81075597
10 168742628
86 553085995
28 940511765
33 80882403
53 87506726
15 942299589
48 495320605
75 323277103
3 717649387
67 64786132
21 289938502
36 940034782
94 735992468
15 898468656
88 349921795
61 312031408
45 634493686
20 537859241
29 254775631
44 539301121
77 983320769
84 291791168
83 68881140
87 257992295
86 890468479
68 936412905
44 817847266
28 363998612
13 865912114
68 922570303
57 46480981
68 951546536
70 520996744
36 366800481
29 147366355
10 145165191
11 841157277
10 352508185
71 912046862
2 198750524
92 891511248
5 143616440
69 443478853
39 612810786
100 37795277
64 575267727
67 92681569
96 819512560
57 870134397
37 373025029
4 507790248
10 335941119
79 336895393
26 316038839
72 749623336
96 104289668
75 850495334
71 362851004
9 339939321
73 410748619
91 888096672
24 990772751
12 600280676
51 874539701
65 172192478
76 595312845
64 72162347
2 679119645
81 864501006
96 529594781
76 269566431
59 539030854
85 245392811
3 539307779
46 737206649
11 330524100
9 846604712
100 326594994
39 542731123
67 504692349
20 151731351
18 380130512
81 345957131
14 719330022
37 84228846
11 246182966
3 425345663
73 658866762
20 653454917
58 605337774
89 472927055
84 552068611
65 679340818
23 719932371
66 893125187
86 918781366
75 289476148
79 333975940
53 462887355
41 726064755
50 188498384
93 42746125
37 342701835
70 556573982
23 183009306
77 361862716
61 469284814
19 667384459
34 997537519
1 795745193
39 602269999
48 528184069
78 221871945
7 988298276
88 446286705
86 969866353
57 653196825
81 821341721
52 266573664
92 437640325
27 11980568
76 198712437
30 150682482
12 442806710
51 837083720
98 376138880
55 308850951
29 275546734
