500 50
1 143670 897
1 382781 616
1 384824 849
1 74457 907
1 30604 557
0 362227 764
1 239965 231
0 484579 302
0 403285 205
0 717810 775
0 863052 16
0 963902 182
1 480842 194
0 549178 155
0 321344 601
1 373554 890
0 274145 258
1 181959 420
1 816483 155
1 325321 519
0 219727 134
0 301164 214
0 42142 315
1 714861 17
1 722371 125
1 156040 618
1 865483 338
0 782109 816
1 767014 802
1 164339 495
1 579943 108
1 258281 185
1 376394 11
0 200915 298
1 945314 435
1 681943 615
0 428346 23
0 297851 150
1 55790 651
1 407268 280
0 55346 80
0 415465 69
0 380572 498
1 111486 276
1 333612 611
1 348107 345
0 797352 575
0 54217 830
1 625998 484
1 383501 366
0 667801 651
1 792622 135
0 150514 224
0 355104 987
1 500725 77
0 215902 559
0 401356 844
1 352863 210
0 403342 752
0 190924 603
1 905280 120
0 873217 135
1 561660 556
1 819440 443
1 195756 738
1 560349 610
1 735124 195
1 166003 545
0 399572 683
0 674336 121
0 12315 333
0 224712 197
1 978837 80
0 240823 521
1 682187 758
0 206801 332
0 395035 22
0 319798 97
0 671740 932
1 513233 109
1 989363 168
1 826562 906
1 921364 94
0 179253 697
0 79332 498
0 344686 919
1 499339 804
0 764953 629
0 651744 91
1 289918 714
0 572321 997
1 508107 531
1 506419 605
0 996347 551
1 371365 799
1 173087 81
0 678065 203
1 391197 308
0 363248 692
0 262152 45
1 151456 24
1 141376 450
0 286601 896
1 284923 611
0 936562 815
0 557207 396
0 346515 382
0 887281 426
0 527845 547
1 231730 782
0 281391 53
0 344690 729
0 125504 219
0 256592 640
1 52290 393
1 490337 589
1 720491 111
0 348088 17
0 835145 530
0 921564 843
0 898406 110
0 859669 338
0 784321 260
1 695902 998
0 600289 618
0 492160 729
1 107813 407
1 100386 453
1 222470 635
0 596685 894
0 405675 463
0 240491 861
0 143837 86
1 182978 532
0 778554 144
0 714002 333
1 487076 165
1 320806 762
0 731747 805
0 27121 26
0 971243 156
1 500349 708
0 876493 4
0 817819 938
0 156277 436
1 515625 501
1 194486 302
1 835685 715
1 4068 337
1 869176 412
0 216777 774
1 894109 934
0 590614 539
0 903139 829
1 891698 662
0 984616 1000
0 298113 648
1 885599 227
1 261016 653
1 3824 991
0 247583 443
0 779980 289
1 679095 568
1 344212 40
1 508982 77
1 35414 522
0 904863 839
1 52686 58
1 651301 326
1 69010 751
1 478172 510
1 712819 637
1 341786 128
1 84628 119
1 52050 951
0 893329 514
1 451001 322
1 816052 1000
1 607629 818
0 475521 113
1 630261 285
1 106061 869
1 59111 978
0 297902 580
0 232327 911
0 825564 928
1 776833 885
0 565694 723
0 507938 723
0 491680 468
1 726433 352
1 168162 325
1 107455 185
1 801781 784
0 448695 185
1 579846 575
1 986510 479
0 800541 642
0 76205 646
1 92221 941
1 528900 765
1 323891 45
0 815918 178
0 452539 343
1 869048 739
0 170858 859
0 562834 822
0 454861 257
1 159329 937
1 338216 782
0 453040 142
1 459792 694
0 231517 244
0 512789 528
1 136461 593
1 106164 961
1 225328 785
1 526271 332
1 363651 592
0 755249 966
1 880135 745
1 933987 23
0 66648 762
0 575423 558
0 315683 443
0 730425 423
1 917802 388
0 806341 198
1 333401 31
0 616737 341
1 20656 393
0 39337 600
0 674472 495
0 348781 908
1 691108 483
1 387614 574
1 128046 92
0 545540 508
0 941194 29
0 785821 556
0 862084 785
1 733672 128
0 667256 585
1 269729 962
1 119722 76
0 887550 394
1 510440 997
0 717264 61
1 71542 957
0 585887 437
0 988162 204
1 94644 443
1 386541 625
0 539136 887
0 200680 614
1 383299 334
1 98079 572
1 8383 547
0 515565 338
0 243279 984
1 186285 788
0 3284 488
0 536737 57
1 962203 312
1 610944 139
1 445921 638
0 149105 118
1 922313 475
0 558410 899
1 975655 497
1 411879 697
0 228137 561
0 562813 190
1 598292 172
0 977201 505
1 221432 650
1 243165 15
0 611532 518
1 184305 857
1 225618 663
1 752767 769
0 88724 520
1 424947 697
0 378288 950
1 487221 256
1 750371 959
1 189159 917
1 521601 850
1 155767 128
0 6176 209
0 911878 307
1 507832 432
0 318091 218
0 799187 767
1 832790 636
0 119328 682
1 988101 503
0 803556 157
0 850472 597
0 394197 254
1 985283 611
1 496887 514
1 202455 261
0 73577 888
1 546041 702
0 194826 691
0 132839 262
0 764710 973
1 798548 389
1 801939 147
1 446339 497
0 646435 564
1 485543 750
0 81911 451
0 745569 454
1 666224 890
1 640993 58
1 851194 482
1 923866 654
0 548573 549
0 486931 445
0 618104 916
1 668380 917
0 47094 285
1 731923 267
0 326502 660
0 791975 353
1 312675 393
1 723827 964
1 484724 807
1 507738 112
0 623353 688
0 769620 26
0 880470 925
1 974742 872
0 718589 51
0 359150 282
0 833605 993
0 877111 385
1 56812 763
1 631734 336
0 403448 134
1 588979 821
0 457858 985
0 134700 994
0 261616 115
1 519374 196
1 567047 387
0 847770 698
1 27739 588
0 742813 30
0 961395 623
0 782155 984
1 697297 259
1 63756 986
0 194094 787
0 137840 959
1 987411 111
0 364950 949
1 431810 359
1 227881 41
0 624037 11
0 927905 472
0 553109 59
0 27695 653
0 422127 934
0 14298 769
0 103777 376
1 747020 332
1 570131 677
0 168905 272
0 572506 820
1 105205 134
1 537251 628
1 296069 597
1 862008 347
0 353385 742
0 36321 450
0 355951 205
0 172281 515
1 949607 818
1 317565 256
1 81332 408
0 361155 266
0 574274 921
0 273225 709
0 186040 37
0 664272 208
1 563262 218
1 92309 460
1 241906 672
1 730466 622
1 520792 307
0 276312 690
1 328770 392
0 747363 406
0 82231 117
0 642025 238
0 463656 178
0 671545 720
0 458442 102
1 969013 146
0 195679 594
0 315257 18
0 71752 850
0 887375 420
0 126110 366
1 668065 292
1 893867 593
1 175009 334
0 53359 520
1 428305 303
0 774442 307
1 345945 561
0 781583 341
0 835813 255
0 577809 669
0 240707 414
1 680158 1
0 192259 165
1 568614 885
0 795460 800
1 831766 204
1 719619 956
1 674998 364
0 236373 880
0 451958 112
0 878194 390
1 775642 959
0 551255 919
1 181968 490
0 249359 497
0 531133 165
1 979548 347
0 126715 294
0 178669 491
0 452563 806
0 223380 790
0 983731 427
1 658176 347
0 530462 235
0 593625 887
1 62397 444
1 695008 109
0 823010 657
0 3773 998
0 135670 853
1 513518 707
1 346649 873
0 235685 80
0 662090 660
0 640924 216
1 635464 221
0 890309 556
1 846689 629
0 963138 441
1 973202 894
1 969186 842
1 829397 927
0 83006 972
1 409357 341
0 697544 573
0 284813 648
0 195379 87
1 689494 387
0 119689 614
0 70383 736
0 379231 799
1 175552 968
0 736239 958
1 731767 385
1 219510 640
1 999086 771
0 603033 519
1 564185 561
0 430642 109
1 749873 458
1 271998 454
1 276801 823
1 876290 918
1 56273 915
0 248254 572
1 23895 795
1 12802 412
0 614839 310
0 178736 665
0 629667 435
0 801066 104
1 461047 748
1 639448 875
1 173417 793
0 558756 58
1 712170 216
1 152192 679
0 154608 196
1 427655 44
0 321733 229
0 608941 106
1 475891 610
1 353193 186
