10479 900919 46970 245040 642131 25682 637663 452300 1040891 258441 620920 829927 384811 912587 495512 458520 498760 127976 808278 418980 665718 307089 406108 1038423 910726 522361 631634 999658 532447 893987 732218 741959 896691 477134 878690 62269 377389 600579 181602 854521 1028696 280994 799965 456492 681608 1018205 747178 931779 81446 166681 

30966
40772 36963
75209 52620 49373 470346
296210 147477 139359 119757 320669 289556 502224 750500
837298 475381 556978 157289 227473 482788 426262 211910

622033 503200 416611 520256 753308 698008 799375 767206

962768 947929 781724 596542 954401 757871 757847 395978 958038 841876 1039181 813836 811936 785361 923981 976572 958727 635695 934509 

30966 36963 40772 49373 52620 75209 119757 139359 147477 157289 
211910 227473 289556 296210 320669 395978 416611 426262 470346 
475381 482788 502224 503200 520256 556978 596542 622033 635695 
698008 750500 753308 757847 757871 767206 781724 785361 799375 
811936 813836 837298 841876 923981 934509 947929 954401 958038 
958727 962768 976572 1039181 
