5738495050015315
50
665718 482788
62269 954401
1038423 622033
642131 52620
10479 30966
637663 470346
384811 289556
741959 962768
127976 556978
900919 40772
681608 785361
522361 416611
25682 49373
532447 698008
732218 767206
477134 781724
878690 596542
1040891 147477
600579 757847
854521 958038
258441 139359
456492 811936
1018205 923981
81446 635695
166681 934509
46970 36963
631634 520256
999658 753308
912587 502224
893987 799375
495512 750500
458520 837298
896691 947929
498760 475381
452300 296210
245040 75209
377389 757871
808278 157289
181602 395978
1028696 841876
418980 227473
280994 1039181
799965 813836
307089 426262
406108 211910
620920 119757
747178 976572
931779 958727
910726 503200
829927 320669
